1000 -0.0232246
2000 -0.0194365
3000 -0.0156158
4000 -0.0124553
5000 -0.0100138
6000 -0.00815444
7000 -0.00673124
8000 -0.00562896
9000 -0.00476355
10000 -0.00407483
11000 -0.00351967
12000 -0.00307025
13000 -0.00270183
14000 -0.00239391
15000 -0.00213607
16000 -0.00191886
17000 -0.00173458
18000 -0.00157747
19000 -0.00144289
20000 -0.00132713
21000 -0.00122731
22000 -0.00114091
23000 -0.00106597
24000 -0.00100253
25000 -0.000947994
26000 -0.000899355
27000 -0.000857469
28000 -0.000820986
29000 -0.000789661
30000 -0.000762383
31000 -0.000739393
32000 -0.000719683
33000 -0.00070303
34000 -0.000689042
35000 -0.000677394
36000 -0.000669081
37000 -0.000663066
38000 -0.000657768
39000 -0.000653878
40000 -0.000651521
41000 -0.000650282
42000 -0.000650119
43000 -0.000651335
44000 -0.000653339
45000 -0.00065589
