0 0.0942157
17.4336 0.0920355
34.8671 0.0857044
52.3007 0.0759498
69.7343 0.0639829
87.1679 0.0512196
104.601 0.0389708
122.035 0.028207
139.469 0.0194486
156.902 0.0127966
174.336 0.00805052
191.769 0.00485179
209.203 0.00280624
226.636 0.00156024
244.07 0.000834988
261.504 0.000430644
278.937 0.000214231
296.371 0.000102876
313.804 4.77225e-05
331.238 2.13924e-05
348.671 9.27314e-06
366.105 3.88844e-06
383.539 1.57737e-06
400.972 6.19757e-07
418.406 2.35639e-07
435.839 8.67655e-08
453.273 3.09833e-08
470.706 1.06709e-08
488.14 3.56947e-09
505.574 1.14961e-09
523.007 3.521e-10
540.441 1.05613e-10
557.874 2.82987e-11
575.308 7.09916e-12
592.741 1.63879e-12
610.175 1.68742e-13
627.609 2.88602e-14
645.042 7.54782e-15
662.476 5.40675e-14
679.909 2.08743e-14
697.343 4.82327e-14
714.776 3.89825e-14
732.21 1.22325e-14
749.644 3.38721e-14
767.077 9.78901e-15
784.511 1.01818e-14
801.944 1.55844e-14
819.378 5.3013e-16
836.811 9.20004e-15
854.245 4.0601e-15
871.679 1.43199e-15
889.112 5.65368e-15
906.546 4.90363e-16
923.979 3.02083e-15
941.413 2.36426e-15
958.846 8.98919e-16
976.28 3.1127e-15
993.714 6.93927e-16
1011.15 2.3027e-15
1028.58 2.43464e-15
1046.01 3.78852e-16
1063.45 4.0288e-15
1080.88 1.05631e-15
1098.32 1.93079e-15
1115.75 4.48218e-15
1133.18 2.05149e-17
1150.62 4.23293e-15
1168.05 2.51142e-15
1185.48 7.64426e-16
1202.92 4.28299e-15
1220.35 3.61984e-16
1237.78 2.02894e-15
1255.22 2.02038e-15
1272.65 2.99517e-16
1290.08 1.77724e-15
1307.52 6.23313e-16
1324.95 1.08894e-15
1342.39 7.88992e-16
1359.82 8.57384e-16
1377.25 1.20588e-15
1394.69 3.89722e-16
1412.12 1.18478e-15
1429.55 1.06483e-15
1446.99 2.89092e-16
1464.42 1.34088e-15
1481.85 1.09301e-15
1499.29 1.95904e-16
1516.72 1.79746e-15
1534.15 7.13604e-16
1551.59 5.39773e-16
1569.02 1.67915e-15
1586.46 1.93593e-16
1603.89 1.02405e-15
1621.32 7.82262e-16
1638.76 4.27398e-16
1656.19 9.26828e-16
1673.62 3.16926e-16
1691.06 8.80033e-16
1708.49 5.08461e-16
1725.92 4.66055e-16
1743.36 8.11613e-16
1760.79 4.16737e-16
1778.22 4.6216e-16
1795.66 6.6848e-16
1813.09 5.80694e-16
1830.53 2.56727e-16
1847.96 8.16742e-16
1865.39 7.03599e-16
1882.83 1.16852e-16
1900.26 1.0714e-15
1917.69 9.89997e-16
1935.13 3.03046e-17
1952.56 2.02368e-15
1969.99 1.53986e-15
1987.43 5.66806e-16
2004.86 3.86223e-15
2022.29 1.64798e-15
2039.73 1.84394e-15
2057.16 4.3822e-15
2074.6 8.61356e-16
2092.03 2.22331e-15
2109.46 2.57846e-15
2126.9 9.03496e-17
2144.33 1.21113e-15
2161.76 1.19148e-15
2179.2 9.18568e-17
2196.63 5.95117e-16
2214.06 1.63627e-15
2231.5 2.00053e-16
2248.93 1.16135e-15
2266.36 1.74746e-15
2283.8 4.54582e-17
2301.23 1.50044e-15
2318.67 5.95109e-16
2336.1 3.27908e-16
2353.53 8.28972e-16
2370.97 7.66597e-17
2388.4 8.97774e-16
2405.83 7.37748e-17
2423.27 8.68262e-16
2440.7 7.32214e-16
2458.13 1.92955e-16
2475.57 1.3402e-15
2493 8.88849e-17
2510.43 8.44369e-16
2527.87 6.28885e-16
2545.3 2.03611e-16
2562.74 1.00867e-15
2580.17 8.57963e-18
2597.6 1.00838e-15
2615.04 5.41499e-16
2632.47 2.92317e-16
2649.9 1.2371e-15
2667.34 7.8751e-17
2684.77 6.7298e-16
2702.2 6.96482e-16
2719.64 3.80087e-17
2737.07 6.21072e-16
2754.5 2.24365e-16
2771.94 2.87291e-16
2789.37 3.73617e-16
2806.81 1.34419e-16
2824.24 6.85787e-16
2841.67 8.32923e-17
2859.11 5.85636e-16
2876.54 7.95794e-16
2893.97 2.11059e-17
2911.41 9.92482e-16
2928.84 3.10186e-16
2946.27 2.86921e-16
2963.71 6.08818e-16
2981.14 6.09305e-17
2998.57 5.67518e-16
3016.01 4.64341e-17
3033.44 6.75005e-16
3050.88 4.92036e-16
3068.31 2.22391e-16
3085.74 1.25177e-15
3103.18 1.39553e-16
3120.61 7.56725e-16
3138.04 8.68323e-16
3155.48 1.87965e-17
3172.91 7.69088e-16
3190.34 1.92457e-16
3207.78 2.69572e-16
3225.21 2.83575e-16
3242.64 2.10139e-16
3260.08 4.83659e-16
3277.51 2.01643e-17
3294.95 8.19303e-16
3312.38 2.61732e-16
3329.81 3.70082e-16
3347.25 8.37011e-16
3364.68 1.97164e-19
3382.11 6.60472e-16
3399.55 1.70418e-16
3416.98 3.7081e-16
3434.41 4.22038e-16
3451.85 1.47447e-16
3469.28 1.06293e-15
3486.71 1.22326e-16
3504.15 9.52913e-16
3521.58 1.10592e-15
3539.02 1.25142e-16
3556.45 1.29182e-15
3573.88 4.88937e-16
3591.32 2.31021e-16
3608.75 8.05452e-16
3626.18 8.26513e-17
3643.62 2.64605e-16
3661.05 2.81196e-16
3678.48 1.7342e-16
3695.92 2.063e-16
3713.35 1.59386e-16
3730.78 2.9684e-16
3748.22 1.4957e-16
3765.65 1.87742e-16
3783.09 2.23346e-16
3800.52 2.43984e-16
3817.95 1.03679e-16
3835.39 3.05181e-16
3852.82 2.68622e-16
3870.25 1.05388e-16
3887.69 4.43666e-16
3905.12 2.97396e-17
3922.55 6.0945e-16
3939.99 2.03433e-16
3957.42 6.46305e-16
3974.85 1.49995e-15
3992.29 3.9943e-16
4009.72 2.49566e-15
4027.16 1.74309e-15
4044.59 1.2305e-15
4062.02 2.94096e-15
4079.46 7.97928e-16
4096.89 1.06038e-15
4114.32 1.27013e-15
4131.76 1.0115e-16
4149.19 1.31256e-16
4166.62 1.06169e-15
4184.06 1.08792e-15
4201.49 7.58701e-16
4218.92 3.36086e-15
4236.36 2.00986e-15
4253.79 2.04388e-15
4271.23 3.59265e-15
4288.66 9.34134e-16
4306.09 1.29434e-15
4323.53 1.27428e-15
