1000 1.16334e-09
2000 1.18832e-09
3000 1.21394e-09
4000 1.23973e-09
5000 1.26649e-09
6000 1.29398e-09
7000 1.32178e-09
8000 1.35076e-09
9000 1.37988e-09
10000 1.40998e-09
11000 1.44097e-09
12000 1.47248e-09
13000 1.50489e-09
14000 1.53824e-09
15000 1.57224e-09
16000 1.60704e-09
17000 1.64286e-09
18000 1.67961e-09
19000 1.71707e-09
20000 1.75543e-09
21000 1.79489e-09
22000 1.83483e-09
23000 1.8763e-09
24000 1.91873e-09
25000 1.96207e-09
26000 2.00691e-09
27000 2.05281e-09
28000 2.0996e-09
29000 2.14819e-09
30000 2.19754e-09
31000 2.24839e-09
32000 2.30081e-09
33000 2.35407e-09
34000 2.40908e-09
35000 2.46585e-09
36000 2.52341e-09
37000 2.58298e-09
38000 2.64425e-09
39000 2.70669e-09
40000 2.77116e-09
41000 2.83714e-09
42000 2.90499e-09
43000 2.97483e-09
44000 3.04631e-09
45000 3.11992e-09
46000 3.19558e-09
47000 3.27302e-09
48000 3.35271e-09
49000 3.43465e-09
50000 3.51888e-09
51000 3.60528e-09
52000 3.69422e-09
53000 3.78583e-09
54000 3.87944e-09
55000 3.97597e-09
56000 4.07524e-09
57000 4.17716e-09
58000 4.28209e-09
59000 4.38995e-09
60000 4.50066e-09
61000 4.61492e-09
62000 4.73182e-09
63000 4.85245e-09
64000 4.97654e-09
65000 5.10403e-09
66000 5.23527e-09
67000 5.37052e-09
68000 5.50919e-09
69000 5.65232e-09
70000 5.79948e-09
71000 5.95092e-09
72000 6.10678e-09
73000 6.2674e-09
74000 6.43262e-09
75000 6.60276e-09
76000 6.77788e-09
77000 6.95827e-09
78000 7.14413e-09
79000 7.33537e-09
80000 7.53251e-09
81000 7.73562e-09
82000 7.94474e-09
83000 8.1601e-09
84000 8.38243e-09
85000 8.61105e-09
86000 8.84682e-09
87000 9.08982e-09
88000 9.34052e-09
89000 9.59855e-09
90000 9.86484e-09
91000 1.01393e-08
92000 1.04224e-08
93000 1.0714e-08
94000 1.1015e-08
95000 1.13254e-08
96000 1.16457e-08
97000 1.19759e-08
98000 1.23168e-08
99000 1.26684e-08
100000 1.30311e-08
101000 1.34054e-08
102000 1.37919e-08
103000 1.41906e-08
104000 1.46024e-08
105000 1.50275e-08
106000 1.54663e-08
107000 1.59194e-08
108000 1.63872e-08
109000 1.68705e-08
110000 1.73697e-08
111000 1.78853e-08
112000 1.84178e-08
113000 1.89683e-08
114000 1.95367e-08
115000 2.01242e-08
116000 2.07316e-08
117000 2.1359e-08
118000 2.20077e-08
119000 2.26786e-08
120000 2.33716e-08
121000 2.40886e-08
122000 2.48298e-08
123000 2.55963e-08
124000 2.63894e-08
125000 2.72092e-08
126000 2.80577e-08
127000 2.89356e-08
128000 2.98436e-08
129000 3.07832e-08
130000 3.1756e-08
131000 3.27624e-08
132000 3.38043e-08
133000 3.48829e-08
134000 3.59996e-08
135000 3.71558e-08
136000 3.8353e-08
137000 3.9593e-08
138000 4.08772e-08
139000 4.22074e-08
140000 4.35855e-08
141000 4.50131e-08
142000 4.64926e-08
143000 4.80255e-08
144000 4.96141e-08
145000 5.12611e-08
146000 5.29676e-08
147000 5.47371e-08
148000 5.65719e-08
149000 5.8474e-08
150000 6.04467e-08
151000 6.24929e-08
152000 6.46145e-08
153000 6.6816e-08
154000 6.90997e-08
155000 7.14689e-08
156000 7.39277e-08
157000 7.64793e-08
158000 7.91274e-08
159000 8.18766e-08
160000 8.47299e-08
161000 8.76926e-08
162000 9.07691e-08
163000 9.39636e-08
164000 9.72815e-08
165000 1.00728e-07
166000 1.04308e-07
167000 1.08028e-07
168000 1.11892e-07
169000 1.15909e-07
170000 1.20083e-07
171000 1.24422e-07
172000 1.28934e-07
173000 1.33623e-07
174000 1.38501e-07
175000 1.43573e-07
176000 1.4885e-07
177000 1.54339e-07
178000 1.60051e-07
179000 1.65995e-07
180000 1.72183e-07
181000 1.78623e-07
182000 1.8533e-07
183000 1.92315e-07
184000 1.9959e-07
185000 2.07171e-07
186000 2.15071e-07
187000 2.23305e-07
188000 2.31892e-07
189000 2.40847e-07
190000 2.50189e-07
191000 2.59939e-07
192000 2.70116e-07
193000 2.80745e-07
194000 2.9185e-07
195000 3.03455e-07
196000 3.15591e-07
197000 3.28286e-07
198000 3.41573e-07
199000 3.55488e-07
200000 3.70069e-07
201000 3.85358e-07
202000 4.01401e-07
203000 4.18246e-07
204000 4.35949e-07
205000 4.54568e-07
206000 4.74169e-07
207000 4.94826e-07
208000 5.16616e-07
209000 5.39628e-07
210000 5.6396e-07
211000 5.89719e-07
212000 6.17026e-07
213000 6.46013e-07
214000 6.7683e-07
215000 7.09642e-07
216000 7.44633e-07
217000 7.82011e-07
218000 8.22004e-07
219000 8.6487e-07
220000 9.10897e-07
221000 9.60404e-07
222000 1.01375e-06
223000 1.07134e-06
224000 1.13361e-06
225000 1.20106e-06
226000 1.27424e-06
227000 1.35378e-06
228000 1.44036e-06
229000 1.53472e-06
230000 1.63772e-06
231000 1.75027e-06
232000 1.8734e-06
233000 2.0082e-06
234000 2.15591e-06
235000 2.31784e-06
236000 2.49543e-06
237000 2.69019e-06
238000 2.90377e-06
239000 3.1379e-06
240000 3.39437e-06
241000 3.67505e-06
242000 3.98183e-06
243000 4.31656e-06
244000 4.68104e-06
245000 5.07691e-06
246000 5.50558e-06
247000 5.96808e-06
248000 6.46493e-06
249000 6.99593e-06
250000 7.55995e-06
251000 8.15458e-06
252000 8.77584e-06
253000 9.41767e-06
254000 1.00714e-05
255000 1.07251e-05
256000 1.13629e-05
257000 1.19635e-05
258000 1.24999e-05
259000 1.2937e-05
260000 1.32306e-05
261000 1.3325e-05
262000 1.31509e-05
263000 1.26219e-05
264000 1.1632e-05
265000 1.00506e-05
266000 7.71854e-06
267000 4.44244e-06
268000 -1.16379e-08
269000 -5.92523e-06
270000 -1.36355e-05
271000 -2.3544e-05
272000 -3.61267e-05
273000 -5.19439e-05
274000 -7.16514e-05
275000 -9.60113e-05
276000 -0.000125903
277000 -0.000162332
278000 -0.000206438
279000 -0.000259503
280000 -0.000322947
281000 -0.000398331
282000 -0.000487345
283000 -0.000591789
284000 -0.000713553
285000 -0.000854574
286000 -0.0010168
287000 -0.00120212
288000 -0.00141232
289000 -0.00164897
290000 -0.00191337
291000 -0.00220643
292000 -0.00252862
293000 -0.0028798
294000 -0.00325922
295000 -0.00366536
296000 -0.00409594
297000 -0.00454782
298000 -0.00501701
299000 -0.00549871
300000 -0.00598733
301000 -0.00647656
302000 -0.00695955
303000 -0.00742901
304000 -0.0078774
305000 -0.00829716
306000 -0.00868089
307000 -0.00902161
308000 -0.00931295
309000 -0.00954939
310000 -0.0097264
311000 -0.00984061
312000 -0.00988993
313000 -0.00987359
314000 -0.00979219
315000 -0.00964763
316000 -0.00944308
317000 -0.00918283
318000 -0.00887215
319000 -0.0085171
320000 -0.00812434
321000 -0.00770092
322000 -0.00725407
323000 -0.00679098
324000 -0.00631863
325000 -0.00584364
326000 -0.0053721
327000 -0.00490949
328000 -0.00446056
329000 -0.00402936
330000 -0.00361914
331000 -0.00323243
332000 -0.00287099
333000 -0.00253596
334000 -0.00222783
335000 -0.00194658
336000 -0.0016917
337000 -0.00146233
338000 -0.00125729
339000 -0.0010752
340000 -0.00091448
341000 -0.000773494
342000 -0.000650542
343000 -0.000543933
344000 -0.000452011
345000 -0.000373188
346000 -0.000305964
347000 -0.000248939
348000 -0.000200826
349000 -0.000160451
350000 -0.000126756
351000 -9.8796e-05
352000 -7.57313e-05
353000 -5.68244e-05
354000 -4.14306e-05
355000 -2.89901e-05
356000 -1.902e-05
357000 -1.11057e-05
358000 -4.89358e-06
359000 -8.3105e-08
360000 3.57958e-06
361000 6.30807e-06
362000 8.28123e-06
363000 9.64818e-06
364000 1.05327e-05
365000 1.1037e-05
366000 1.12452e-05
367000 1.12261e-05
368000 1.10356e-05
369000 1.0719e-05
370000 1.03127e-05
371000 9.84577e-06
372000 9.34104e-06
373000 8.81649e-06
374000 8.28597e-06
375000 7.75999e-06
376000 7.24638e-06
377000 6.7508e-06
378000 6.27717e-06
379000 5.82804e-06
380000 5.4049e-06
381000 5.00837e-06
382000 4.63845e-06
383000 4.29466e-06
384000 3.97618e-06
385000 3.68192e-06
386000 3.41064e-06
387000 3.161e-06
388000 2.9316e-06
389000 2.72105e-06
390000 2.52795e-06
391000 2.35096e-06
392000 2.18879e-06
393000 2.04022e-06
394000 1.90408e-06
395000 1.77931e-06
396000 1.66489e-06
397000 1.5599e-06
398000 1.46348e-06
399000 1.37485e-06
400000 1.2933e-06
401000 1.21817e-06
402000 1.14886e-06
403000 1.08485e-06
404000 1.02564e-06
405000 9.70786e-07
406000 9.19896e-07
407000 8.72609e-07
408000 8.286e-07
409000 7.87577e-07
410000 7.49278e-07
411000 7.13465e-07
412000 6.79927e-07
413000 6.4847e-07
414000 6.18923e-07
415000 5.91131e-07
416000 5.64951e-07
417000 5.4026e-07
418000 5.16941e-07
419000 4.94893e-07
420000 4.74021e-07
421000 4.54242e-07
422000 4.35478e-07
423000 4.17661e-07
424000 4.00726e-07
425000 3.84616e-07
426000 3.69278e-07
427000 3.54665e-07
428000 3.40732e-07
429000 3.27439e-07
430000 3.14748e-07
431000 3.02624e-07
432000 2.91037e-07
433000 2.79957e-07
434000 2.69356e-07
435000 2.5921e-07
436000 2.49495e-07
437000 2.40189e-07
438000 2.31272e-07
439000 2.22723e-07
440000 2.14527e-07
441000 2.06666e-07
442000 1.99123e-07
443000 1.91885e-07
444000 1.84937e-07
445000 1.78266e-07
446000 1.71859e-07
447000 1.65705e-07
448000 1.59793e-07
449000 1.54111e-07
450000 1.48651e-07
451000 1.43402e-07
452000 1.38356e-07
453000 1.33503e-07
454000 1.28836e-07
455000 1.24348e-07
456000 1.20029e-07
457000 1.15874e-07
458000 1.11876e-07
459000 1.08028e-07
460000 1.04324e-07
461000 1.00758e-07
462000 9.73255e-08
463000 9.40202e-08
464000 9.0837e-08
465000 8.77713e-08
466000 8.48183e-08
467000 8.19735e-08
468000 7.92328e-08
469000 7.6592e-08
470000 7.4047e-08
471000 7.15942e-08
472000 6.92301e-08
473000 6.69513e-08
474000 6.47542e-08
475000 6.26358e-08
476000 6.05935e-08
477000 5.86232e-08
478000 5.67234e-08
479000 5.48909e-08
480000 5.31228e-08
481000 5.14172e-08
482000 4.97717e-08
483000 4.81834e-08
484000 4.66511e-08
485000 4.51715e-08
486000 4.37436e-08
487000 4.23655e-08
488000 4.10346e-08
489000 3.97495e-08
490000 3.85091e-08
491000 3.73104e-08
492000 3.61531e-08
493000 3.50352e-08
494000 3.3955e-08
495000 3.29116e-08
496000 3.19036e-08
497000 3.09292e-08
498000 2.99878e-08
499000 2.90777e-08
